NVDA=0.000000
MCSFT=0.000000
APP=0.000000
ORC=0.000000
TSL=0.000000
FORD=0.000000
INT=0.000000
ABC=0.000000
FAZ=0.000000
COLA=0.000000
PEPSI=0.000000
S&P=0.000000
DWJ=0.000000
OIL=0.000000
GOLD=0.000000
URM=0.000000
GAS=0.000000
ETHN=0.000000
